(119,265), (136,83), (230,385), (30,67), (289,235), (144,129), (75,168), (196,166), (144,183), (175,103)
(41,112), (254,414), (211,269), (163,199), (298,170), (30,40), (241,228), (298,489), (100,125), (306,489)
(302,484), (145,141), (86,148), (304,367), (301,464), (74,167), (331,197), (295,322), (308,204), (151,252)
(160,291), (332,486), (97,54), (234,275), (140,72), (328,225), (204,184), (173,151), (141,124), (199,351)
(236,213), (224,146), (270,345), (275,269), (310,280), (322,269), (302,352), (169,185), (208,238), (251,236)
(322,455), (330,319), (281,336), (155,183), (263,260), (341,388), (163,228), (116,66), (264,253), (242,216)
(241,175), (327,259), (317,415), (289,192), (348,315), (155,252), (86,207), (299,321), (306,169), (237,221)
(193,138), (330,475), (173,196), (236,285), (121,169), (230,289), (244,175), (164,341), (88,224), (64,90)
(320,446), (131,170), (167,144), (119,67), (338,422), (256,440), (162,319), (250,329), (257,294), (153,308)
(107,233), (295,387), (306,495), (297,406), (186,255), (272,227), (324,458), (294,277), (327,272), (287,270)
(123,166), (199,148), (327,373), (110,103), (175,218), (322,451), (293,218), (116,253), (196,244), (337,246)
(280,308), (293,376), (320,179), (150,188), (131,202), (295,341), (179,203), (191,156), (274,168), (274,303)
(344,388), (192,139), (181,236), (29,150), (323,267), (136,89), (217,184), (291,287), (173,320), (297,164)
(236,425), (279,267), (290,404), (280,374), (315,322), (121,127), (153,243), (334,357), (312,453), (86,158)
(141,193), (192,317), (64,95), (304,419), (344,245), (302,216), (142,142), (280,407), (253,164), (287,195)
(176,168), (36,124), (62,56), (68,207), (180,84), (332,486), (199,365), (325,433), (323,277), (162,253)
(126,180), (83,58), (85,64), (55,77), (140,136), (342,214), (236,119), (231,122), (193,181), (176,141)
(333,417), (235,225), (110,210), (61,161), (210,100), (103,252), (81,110), (155,72), (139,161), (94,242)
(248,372), (232,190), (156,264), (208,254), (116,87), (257,160), (258,217), (200,193), (92,68), (120,133)
(182,357), (314,489), (338,193), (27,107), (65,130), (298,231), (173,254), (234,412), (125,240), (205,364)
(229,350), (88,150), (333,301), (326,204), (287,393), (184,316), (245,415), (230,382), (198,162), (320,243)
(343,420), (152,72), (276,392), (215,152), (245,198), (281,319), (151,241), (44,75), (151,190), (175,176)
(100,215), (106,163), (124,72), (197,202), (302,361), (198,128), (144,156), (141,161), (282,427), (113,164)
(178,105), (308,226), (229,111), (153,85), (278,202), (192,99), (166,158), (338,402), (243,218), (276,160)
(258,272), (94,234), (251,381), (119,142), (325,417), (271,407), (247,229), (191,325), (189,194), (314,262)
(275,210), (249,368), (167,315), (129,182), (304,274), (80,117), (286,465), (317,489), (261,287), (318,306)
(315,256), (311,381), (145,311), (242,268), (317,406), (190,90), (314,254), (233,198), (326,271), (184,109)
(277,337), (243,435), (332,311), (259,426), (58,80), (350,366), (218,334), (308,284), (288,233), (291,482)
(164,304), (206,228), (98,95), (197,149), (194,103), (68,94), (148,272), (220,280), (85,196), (210,392)
(207,301), (215,400), (180,121), (317,265), (70,153), (229,194), (131,193), (190,155), (218,104), (284,172)
(331,473), (227,173), (230,297), (138,276), (258,395), (210,145), (137,124), (159,221), (337,294), (126,160)
(266,452), (295,378), (159,94), (320,375), (227,167), (60,170), (289,476), (234,181), (326,403), (124,270)
(106,59), (318,432), (266,412), (320,395), (211,275), (83,222), (293,419), (143,86), (87,55), (88,65)
(277,382), (293,461), (349,260), (101,65), (200,238), (255,332), (300,191), (133,298), (252,195), (315,319)
(323,285), (177,153), (101,176), (349,258), (249,165), (250,440), (321,466), (143,146), (122,259), (260,156)
(150,316), (279,377), (158,226), (166,265), (206,120), (274,462), (314,436), (285,200), (291,293), (167,220)
(68,193), (263,158), (245,376), (249,226), (286,319), (91,82), (148,90), (290,366), (299,467), (273,222)
(230,220), (314,220), (155,314), (72,76), (185,126), (149,235), (201,313), (242,212), (41,154), (185,365)
(168,168), (297,218), (227,407), (309,211), (115,265), (213,249), (95,154), (243,165), (312,407), (116,95)
(265,417), (56,181), (261,212), (116,140), (114,157), (297,159), (32,54), (95,243), (202,354), (146,112)
(155,314), (338,278), (182,311), (328,333), (88,214), (231,306), (329,184), (316,190), (159,87), (335,329)
(197,177), (194,387), (239,239), (273,419), (192,169), (278,269), (93,214), (283,200), (180,274), (298,485)
(192,293), (190,311), (229,267), (167,114), (121,162), (231,400), (265,377), (262,210), (325,374), (275,205)
(125,254), (169,86), (202,256), (184,292), (60,139), (188,302), (79,178), (301,486), (35,70), (96,188)
(192,100), (242,296), (93,228), (188,289), (336,258), (246,224), (98,58), (346,217), (189,102), (299,406)
(330,266), (258,394), (228,159), (242,156), (276,270), (212,270), (25,117), (342,343), (334,270), (300,456)
(161,280), (92,123), (234,328), (154,227), (330,399), (221,327), (135,59), (113,268), (250,140), (303,485)
(146,304), (228,186), (152,90), (145,145), (243,302), (276,398), (216,341), (164,203), (101,132), (201,360)
(174,122), (144,152), (350,400), (112,121), (226,404), (140,72), (219,394), (247,410), (235,154), (288,469)
(284,191), (50,143), (288,431), (275,300), (120,116), (168,288), (296,175), (346,412), (52,160), (333,273)
(289,306), (38,148), (248,382), (155,175), (163,329), (339,429), (301,368), (209,255), (101,134), (188,192)
(327,189), (124,100), (221,362), (284,320), (156,154), (253,229), (136,74), (210,136), (130,66), (166,297)
(207,157), (28,149), (285,306), (272,376), (311,479), (332,487), (332,489), (333,300), (77,53), (286,251)
(307,353), (297,262), (292,363), (67,198), (305,386), (325,345), (91,78), (158,106), (190,290), (123,228)
(137,296), (335,215), (135,69), (345,215), (93,187), (191,309), (183,325), (201,209), (28,88), (308,307)
(327,422), (77,118), (55,85), (214,105), (129,88), (189,110), (161,214), (292,154), (85,62), (262,292)
(45,146), (207,213), (263,194), (149,121), (234,336), (200,315), (334,465), (292,242), (348,372), (126,266)
(333,476), (185,286), (179,93), (242,264), (212,327), (223,199), (177,343), (243,346), (156,284), (256,272)
(298,315), (49,116), (219,371), (169,246), (323,306), (256,374), (242,168), (250,246), (349,208), (339,297)
(69,98), (85,66), (200,89), (155,193), (83,231), (342,202), (345,397), (86,50), (105,154), (89,65)
(100,176), (325,239), (238,133), (318,479), (168,138), (338,347), (244,399), (176,206), (135,241), (113,230)
(309,315), (217,382), (129,267), (266,199), (194,186), (278,179), (313,278), (114,64), (331,200), (224,271)
(168,96), (204,182), (330,305), (72,170), (147,220), (225,100), (261,440), (270,449), (88,65), (334,259)
(83,68), (73,173), (275,168), (303,490), (57,107), (336,466), (342,331), (180,141), (201,193), (84,104)
(81,159), (331,413), (251,277), (131,239), (243,283), (128,68), (226,133), (145,182), (298,319), (283,301)
(194,217), (287,289), (74,178), (95,96), (324,442), (240,331), (258,363), (342,335), (77,111), (286,439)
(262,289), (308,470), (138,273), (278,279), (68,147), (161,102), (33,58), (135,236), (339,306), (317,262)
(65,155), (48,177), (306,269), (289,311), (225,414), (272,437), (253,198), (306,269), (155,98), (303,177)
(241,233), (236,146), (247,387), (316,400), (221,162), (241,121), (231,153), (194,105), (293,367), (346,296)
(123,242), (114,209), (82,170), (217,362), (172,121), (134,278), (248,407), (267,365), (296,177), (127,232)
(107,239), (173,77), (312,369), (205,151), (318,500), (239,232), (157,310), (264,133), (100,89), (159,247)
(161,209), (233,123), (258,274), (309,201), (311,333), (164,247), (230,219), (159,117), (129,67), (139,105)
(167,148), (343,197), (270,207), (295,248), (109,220), (267,390), (240,423), (79,149), (48,50), (244,260)
(82,223), (234,248), (123,218), (308,398), (127,130), (254,424), (82,205), (107,134), (212,267), (253,134)
(344,397), (315,318), (128,281), (244,345), (181,293), (240,285), (151,224), (289,466), (339,431), (220,320)
(47,78), (242,433), (280,284), (336,469), (116,228), (239,400), (203,361), (211,327), (267,315), (175,193)
(330,305), (263,161), (213,359), (231,255), (260,285), (208,315), (101,179), (256,373), (343,248), (287,224)
(349,325), (193,278), (339,253), (27,115), (199,332), (294,194), (83,226), (315,487), (283,177), (104,212)
(342,342), (105,218), (203,230), (157,243), (78,129), (272,427), (167,273), (61,187), (97,118), (226,122)
(62,141), (167,328), (263,377), (166,275), (235,366), (80,97), (141,118), (233,217), (221,137), (188,193)
(192,315), (311,253), (200,375), (169,193), (254,196), (334,366), (212,312), (24,116), (125,86), (264,144)
(230,109), (315,492), (155,269), (276,205), (326,307), (65,100), (320,286), (133,254), (129,92), (210,357)
(91,65), (29,103), (272,351), (184,292), (234,265), (330,187), (83,145), (195,369), (247,202), (217,327)
(287,246), (186,140), (195,262), (255,214), (263,369), (127,235), (162,234), (64,53), (103,256), (97,123)
(122,189), (271,362), (350,346), (50,183), (225,172), (253,182), (182,198), (246,436), (305,423), (238,361)
(223,242), (82,74), (306,217), (48,116), (197,288), (252,206), (153,185), (214,404), (272,439), (109,179)
(152,277), (219,374), (150,316), (345,237), (342,225), (116,159), (220,401), (247,296), (331,373), (252,427)
(138,219), (95,163), (306,392), (195,114), (49,66), (221,273), (243,332), (78,166), (75,150), (164,160)
(243,325), (174,341), (333,235), (265,138), (113,80), (312,391), (142,200), (149,95), (206,143), (342,437)
(212,119), (170,219), (95,236), (281,216), (248,339), (31,46), (299,485), (50,170), (319,418), (211,277)
(30,74), (55,61), (266,426), (293,203), (158,321), (285,353), (270,233), (205,126), (125,135), (278,149)
(326,266), (266,382), (73,182), (219,403), (272,203), (276,305), (156,209), (143,317), (134,78), (262,388)
(138,188), (235,207), (308,301), (154,239), (267,219), (139,180), (205,393), (307,393), (122,172), (320,406)
(157,171), (331,416), (32,55), (339,314), (241,333), (49,150), (200,141), (341,279), (282,457), (185,179)
(323,387), (195,332), (238,254), (178,315), (145,74), (158,181), (321,334), (339,280), (90,238), (231,141)
(344,240), (153,227), (244,267), (299,446), (330,206), (263,389), (305,390), (109,215), (342,196), (29,125)
(191,300), (284,281), (195,92), (127,279), (221,98), (119,164), (301,235), (213,310), (197,163), (150,160)
(223,138), (227,421), (194,311), (128,96), (54,75), (115,137), (278,402), (245,160), (185,146), (195,133)
(225,313), (162,301), (198,314), (145,176), (210,310), (90,239), (111,250), (158,187), (117,124), (196,125)
(261,251), (295,164), (145,213), (312,415), (290,292), (243,206), (44,89), (158,325), (159,290), (135,81)
(335,353), (231,272), (219,202), (37,101), (88,68), (212,322), (204,117), (245,116), (144,140), (233,221)
(176,209), (133,83), (91,184), (299,344), (224,186), (206,285), (223,129), (306,266), (169,288), (213,96)
(69,50), (266,243), (262,344), (294,464), (107,95), (40,143), (82,118), (329,324), (281,271), (288,308)
(250,427), (334,355), (196,170), (292,439), (259,349), (196,239), (80,194), (297,315), (129,181), (306,318)
(262,405), (311,270), (335,330), (304,235), (62,115), (206,214), (254,157), (247,167), (320,357), (98,76)
(109,227), (249,287), (299,402), (96,191), (206,395), (104,236), (90,67), (176,279), (221,124), (268,242)
(246,433), (259,370), (321,306), (215,204), (60,170), (148,252), (208,201), (310,500), (343,215), (318,372)
(127,153), (223,137), (244,344), (305,338), (256,312), (336,400), (177,82), (263,183), (292,311), (288,454)
(308,417), (221,224), (303,200), (70,205), (193,242), (330,500), (142,103), (297,414), (56,177), (217,402)
(156,257), (79,101), (302,479), (349,321), (244,313), (251,344), (323,342), (281,229), (35,156), (112,251)
(178,352), (290,223), (230,331), (315,375), (146,199), (157,194), (338,387), (40,143), (133,186), (315,378)
(280,151), (249,209), (224,148), (226,147), (125,127), (262,284), (239,191), (287,450), (233,401), (205,161)
(155,162), (285,326), (244,333), (173,352), (269,219), (37,116), (207,164), (246,402), (223,158), (298,352)
(279,249), (305,344), (229,260), (326,443), (202,218), (191,151), (110,65), (292,273), (215,187), (158,214)
(319,344), (345,266), (196,189), (341,238), (303,168), (111,101), (94,199), (202,227), (313,192), (104,89)
(251,269), (196,259), (158,246), (189,354), (187,350), (329,359), (315,457), (260,412), (317,231), (241,279)
(79,147), (152,164), (313,287), (198,368), (218,227), (271,457), (144,69), (146,83), (292,383), (273,298)
(222,334), (120,106), (71,103), (199,165), (207,344), (193,379), (199,247), (215,346), (297,179), (136,185)
(181,311), (282,344), (143,309), (149,290), (122,167), (340,416), (136,123), (96,183), (275,279), (199,142)
(168,142), (245,308), (177,143), (304,391), (341,235), (221,168), (93,200), (62,46), (26,88), (237,380)
(274,257), (143,157), (135,219), (168,165), (118,73), (278,279), (202,384), (232,124), (270,238), (283,367)
(289,232), (166,257), (145,251), (326,457), (73,53), (281,298), (185,117), (78,58), (207,238), (238,292)
(39,123), (191,297), (253,246), (91,218), (40,153), (141,158), (167,158), (35,112), (273,314), (326,196)
(196,245), (198,314), (338,404), (126,264), (119,252), (232,328), (191,319), (38,60), (216,118), (290,407)
(230,140), (345,366), (212,347), (184,264), (303,342), (178,363), (127,244), (256,435), (190,125), (176,258)
(164,311), (209,150), (253,345), (86,158), (160,191), (170,128), (129,293), (302,449), (343,373), (61,146)
(278,331), (256,371), (129,163), (208,264), (266,330), (251,249), (249,396), (292,437), (176,118), (274,206)
(284,456), (80,168), (54,186), (161,129), (292,262), (142,215), (179,220), (248,230), (228,387), (328,404)
(336,293), (290,434), (181,130), (318,453), (327,459), (32,155), (116,130), (163,232), (173,331), (290,198)
(260,430), (229,199), (322,291), (153,254), (302,181), (295,302), (320,231), (311,480), (317,299), (103,95)
(290,276), (346,255), (306,430), (36,121), (107,118), (339,357), (273,397), (213,404), (175,303), (304,493)
(271,372), (180,214), (205,397), (292,422), (311,358), (228,350), (151,259), (323,234), (144,82), (180,221)
(163,288), (137,256), (42,98), (154,309), (335,394), (285,472), (255,396), (295,421), (282,407), (123,288)
(323,466), (312,388), (163,337), (317,191), (161,156), (108,205), (306,263), (38,89), (286,342), (202,106)
(125,125), (119,238), (119,167), (175,137), (198,187), (303,276), (342,267), (94,124), (116,88), (280,316)
(40,113), (132,126), (228,146), (284,366), (246,230), (119,165), (180,159), (277,170), (288,193), (202,233)
(166,226), (181,238), (65,83), (172,275), (262,197), (146,293), (237,250), (193,181), (266,406), (202,361)
(202,394), (149,113), (253,166), (202,382), (223,371), (313,315), (136,159), (311,327), (221,100), (228,343)
(302,484), (326,238), (97,97), (181,224), (288,315), (216,299), (312,317), (194,203), (172,267), (335,447)
(303,268), (173,115), (82,222), (246,341), (255,405), (229,418), (140,133), (320,203), (62,100), (169,78)
(153,133), (257,202), (229,290), (210,360), (339,200), (338,403), (350,291), (194,377), (339,348), (311,386)
(185,329), (172,175), (258,382), (95,125), (251,338), (103,193), (292,363), (104,245), (227,406), (315,365)
(212,155), (308,333), (255,398), (314,462), (125,157), (287,368), (256,142), (178,165), (41,49), (130,178)
(283,362), (203,318), (342,347), (20,140), (323,265), (35,93), (281,187), (226,319), (38,42), (311,307)
(339,430), (221,341), (316,213), (60,154), (48,117), (83,197), (248,406), (143,227), (173,353), (255,332)
(204,196), (213,188), (206,387), (264,241), (34,142), (336,427), (349,332), (164,328), (180,270), (194,162)
(29,131), (313,277), (163,232), (79,115), (271,164), (253,147), (232,335), (97,201), (133,249), (289,408)
(192,264), (254,358), (87,122), (186,325), (226,207), (234,112), (314,227), (315,234), (154,316), (312,374)
(155,111), (340,312), (235,300), (209,238), (305,256), (258,351), (306,234), (33,90), (133,249), (346,368)
(252,412), (205,298), (162,107), (245,371), (87,167), (333,464), (187,238), (88,176), (304,367), (350,352)
(233,133), (208,163), (24,126), (99,235), (23,121), (340,265), (238,330), (157,88), (230,361), (225,420)
(105,119), (241,229), (299,303), (336,379), (66,73), (299,359), (151,173), (285,470), (155,249), (49,86)
(182,324), (192,267), (136,224), (167,302), (325,330), (282,374), (108,57), (197,100), (156,168), (245,266)
(336,250), (137,272), (106,262), (336,391), (341,212), (134,141), (172,207), (112,167), (284,195), (234,335)
(117,260), (319,436), (218,281), (329,292), (150,60), (306,355), (180,245), (175,155), (114,202), (273,139)
(191,93), (260,367), (107,229), (304,416), (280,466), (161,72), (143,84), (256,432), (286,357), (322,291)
(311,266), (122,212), (191,126), (329,383), (325,324), (345,401), (220,225), (326,244), (325,346), (88,69)
(337,192), (248,151), (54,58), (285,385), (132,72), (289,320), (300,437), (292,344), (202,131), (223,129)
(272,453), (232,422), (336,224), (188,313), (168,238), (326,449), (242,199), (237,200), (154,317), (213,230)
(144,240), (166,188), (88,202), (303,454), (163,294), (145,151), (235,243), (184,317), (134,122), (278,313)
(239,113), (222,289), (245,317), (88,102), (208,349), (224,143), (171,310), (184,231), (163,256), (218,396)
(305,210), (278,237), (255,268), (258,148), (261,382), (280,226), (153,235), (276,256), (99,181), (191,351)
(168,334), (136,248), (116,220), (130,186), (330,295), (324,495), (239,128), (121,241), (122,285), (205,335)
(284,386), (194,196), (140,273), (107,81), (122,264), (206,398), (222,415), (144,171), (189,261), (314,194)
(76,78), (173,310), (80,100), (204,97), (168,324), (83,103), (287,346), (123,271), (85,226), (137,124)
(317,258), (287,167), (336,204), (32,46), (271,211), (84,193), (268,207), (266,349), (222,377), (266,442)
(126,275), (266,328), (159,239), (63,191), (305,212), (304,321), (71,132), (308,359), (125,263), (149,278)
(211,286), (115,123), (75,81), (259,204), (268,450), (267,342), (343,274), (289,186), (243,315), (297,257)
(200,136), (213,258), (155,117), (69,169), (208,330), (234,115), (104,125), (297,304), (303,262), (139,119)
(340,273), (50,70), (249,157), (261,167), (206,153), (324,453), (221,407), (138,140), (93,99), (303,398)
(289,282), (171,113), (298,338), (124,281), (227,157), (175,150), (305,442), (81,80), (236,219), (109,149)
(293,190), (216,237), (196,118), (193,211), (128,134), (136,269), (272,438), (93,212), (199,96), (326,482)
(201,116), (165,234), (130,62), (72,147), (319,496), (342,400), (127,85), (125,279), (225,356), (172,277)
(321,249), (156,163), (342,382), (294,307), (23,132), (71,140), (249,440), (206,336), (208,294), (319,339)
(327,416), (191,117), (280,410), (253,233), (141,282), (200,400), (102,202), (135,237), (174,177), (259,144)
(327,428), (266,460), (71,111), (337,192), (149,320), (305,165), (149,317), (75,128), (269,290), (153,146)
(247,418), (236,292), (279,319), (335,390), (313,210), (270,445), (30,146), (226,220), (304,368), (336,337)
(191,375), (32,57), (144,214), (60,85), (122,189), (228,152), (309,364), (327,257), (244,374), (200,270)
(77,99), (119,160), (75,203), (129,296), (252,316), (204,316), (173,242), (310,391), (247,339), (129,284)
(177,326), (318,245), (217,239), (247,146), (67,193), (120,250), (131,135), (195,147), (289,291), (308,329)
(148,136), (142,237), (220,313), (80,119), (157,80), (274,303), (212,108), (215,277), (302,179), (184,280)
(222,318), (228,387), (163,336), (225,161), (263,410), (83,89), (151,100), (96,63), (264,341), (201,112)
(152,282), (47,52), (86,194), (42,84), (116,237), (287,239), (125,107), (100,242), (200,168), (107,221)
(95,169), (49,44), (153,66), (131,134), (336,248), (145,145), (295,263), (228,388), (172,80), (135,275)
(251,195), (343,433), (301,277), (189,213), (75,204), (284,426), (259,273), (296,191), (229,141), (332,376)
(128,75), (346,235), (106,177), (275,192), (261,149), (228,265), (333,201), (86,83), (162,139), (224,264)
(262,331), (313,205), (42,61), (171,167), (131,77), (175,351), (240,281), (194,128), (331,463), (276,164)
(166,133), (256,137), (335,415), (187,118), (223,116), (317,487), (267,280), (158,112), (336,228), (154,156)
(260,302), (190,157), (128,179), (245,357), (301,441), (135,83), (286,308), (348,360), (54,88), (26,81)
(267,317), (310,384), (183,249), (270,247), (181,287), (345,295), (98,79), (178,339), (244,213), (190,158)
(91,158), (254,355), (112,272), (42,65), (242,187), (242,343), (126,124), (246,220), (182,287), (189,378)
(243,156), (81,154), (228,263), (148,176), (241,412), (98,106), (284,366), (227,112), (177,82), (240,370)
(119,143), (88,81), (233,416), (108,116), (343,377), (346,393), (47,63), (250,378), (276,262), (76,85)
(316,297), (128,276), (163,194), (209,215), (148,76), (305,454), (253,211), (196,250), (200,226), (278,442)
(117,87), (166,259), (215,383), (95,79), (331,256), (337,362), (278,185), (223,299), (83,66), (105,109)
(270,351), (243,169), (121,163), (287,357), (224,367), (113,149), (143,273), (206,117), (245,127), (238,220)
(190,165), (170,284), (240,395), (232,208), (57,59), (182,79), (341,277), (148,230), (328,314), (205,237)
(145,277), (192,103), (276,220), (203,394), (251,305), (344,278), (209,406), (269,208), (329,496), (317,430)
(232,156), (51,131), (199,376), (319,301), (48,122), (185,366), (249,121), (86,77), (323,189), (341,362)
(82,70), (264,224), (104,159), (285,327), (213,232), (291,297), (274,288), (166,185), (32,70), (272,145)
(104,124), (157,115), (345,266), (253,218), (163,156), (299,299), (190,255), (191,156), (174,172), (259,302)
(343,351), (76,153), (110,92), (312,213), (106,99), (337,380), (142,205), (206,109), (77,157), (142,107)
(141,215), (287,414), (137,182), (219,257), (169,117), (97,230), (134,240), (161,323), (174,274), (50,44)
(321,457), (193,207), (212,333), (242,187), (98,113), (168,138), (300,383), (108,206), (49,82), (118,100)
(245,346), (25,119), (297,302), (171,325), (209,94), (205,327), (195,181), (116,125), (314,178), (110,102)
(175,249), (236,287), (159,243), (145,141), (173,162), (278,344), (296,422), (83,228), (274,145), (203,347)
(217,390), (258,403), (150,64), (257,253), (292,295), (348,389), (238,394), (318,205), (146,213), (290,463)
(190,261), (97,70), (195,276), (309,491), (179,196), (47,131), (124,192), (337,349), (209,276), (225,163)
(117,83), (182,119), (198,141), (95,197), (349,267), (296,356), (209,350), (291,474), (185,361), (214,241)
(333,301), (146,320), (255,386), (236,390), (184,234), (312,233), (200,196), (83,219), (66,129), (349,340)
(158,194), (90,52), (231,410), (187,260), (308,314), (181,372), (226,421), (326,304), (76,98), (175,111)
(297,354), (347,216), (173,278), (314,263), (100,242), (155,238), (195,279), (294,382), (112,240), (195,374)
(341,358), (245,420), (148,308), (176,158), (30,113), (266,183), (301,265), (90,71), (341,202), (279,148)
(105,120), (319,496), (54,67), (262,408), (148,164), (278,422), (40,154), (242,191), (254,293), (196,92)
(265,377), (86,90), (268,197), (85,168), (161,184), (247,223), (271,273), (322,490), (305,196), (257,292)
(334,268), (251,207), (158,199), (253,424), (288,236), (275,325), (195,306), (190,131), (271,157), (336,454)
(251,323), (237,111), (127,192), (289,218), (307,229), (304,350), (232,427), (343,336), (257,277), (80,208)
(220,311), (277,351), (312,290), (292,412), (225,196), (268,400), (211,300), (165,89), (162,149), (284,243)
(196,102), (32,145), (292,431), (350,200), (92,136), (218,297), (49,86), (295,170), (263,428), (211,171)
(56,99), (216,151), (104,131), (57,183), (90,201), (102,61), (337,395), (208,158), (170,179), (287,167)
(150,80), (229,382), (235,271), (191,123), (124,57), (110,201), (207,362), (229,162), (90,104), (267,413)
(285,284), (96,80), (126,238), (149,206), (194,259), (240,321), (309,294), (59,88), (276,201), (73,111)
(182,333), (215,252), (249,235), (110,257), (103,129), (333,241), (151,292), (317,323), (151,78), (172,270)
(337,218), (177,272), (273,247), (340,202), (297,180), (132,155), (318,201), (230,204), (288,158), (272,224)
(174,192), (350,252), (297,218), (190,333), (250,176), (318,472), (84,70), (301,487), (211,269), (295,221)
(294,202), (217,209), (90,216), (107,153), (191,167), (58,132), (133,59), (217,263), (86,117), (299,418)
(123,233), (188,371), (71,196), (27,134), (111,105), (70,47), (46,110), (328,356), (72,113), (234,289)
(175,200), (242,140), (333,239), (56,111), (237,221), (268,226), (287,457), (210,228), (315,399), (213,215)
(53,151), (139,155), (281,360), (71,55), (125,245), (224,340), (251,267), (57,152), (126,153), (298,188)
(274,335), (197,198), (327,398), (193,368), (129,63), (140,160), (89,159), (178,137), (301,292), (166,215)
(334,282), (155,75), (232,199), (61,128), (324,365), (313,314), (267,171), (200,335), (242,406), (275,311)
(183,121), (72,69), (300,217), (275,323), (76,59), (264,436), (211,196), (232,256), (93,102), (209,326)
(183,159), (193,121), (298,352), (228,195), (145,187), (173,238), (220,217), (222,176), (342,320), (326,252)
(135,282), (210,279), (195,238), (295,385), (242,291), (178,278), (257,281), (265,335), (239,414), (273,302)
(198,255), (266,341), (291,181), (128,119), (344,398), (241,365), (260,202), (177,362), (257,135), (179,261)
(94,64), (295,190), (268,418), (29,97), (158,191), (120,127), (272,279), (211,321), (161,267), (270,306)
(267,155), (233,124), (130,242), (329,283), (293,449), (333,344), (88,132), (272,362), (239,227), (301,240)
(243,167), (232,274), (218,263), (146,303), (186,93), (321,419), (167,157), (259,299), (146,190), (166,227)
(238,175), (316,188), (30,84), (92,108), (118,143), (321,193), (300,480), (190,248), (242,145), (93,148)
(228,171), (53,97), (323,480), (302,409), (184,117), (166,163), (110,121), (130,138), (254,427), (209,132)
(230,156), (179,280), (156,96), (114,153), (307,480), (133,137), (159,202), (176,233), (314,376), (175,198)
(288,177), (256,402), (34,138), (155,239), (185,87), (183,206), (300,192), (318,294), (128,132), (246,231)
(150,325), (303,247), (215,113), (263,454), (65,205), (110,223), (35,74), (188,106), (240,153), (166,153)
(156,302), (177,348), (232,344), (192,130), (188,369), (224,261), (267,217), (304,439), (320,483), (93,77)
(343,286), (104,199), (315,403), (244,129), (329,412), (60,104), (199,89), (87,62), (31,69), (167,317)
(143,297), (72,118), (220,124), (164,254), (136,231), (96,156), (240,336), (109,167), (133,293), (281,167)
(64,133), (326,471), (333,213), (104,237), (200,132), (212,273), (83,201), (219,137), (206,211), (123,150)
(187,309), (105,255), (163,175), (188,117), (290,406), (336,384), (228,164), (312,261), (145,174), (111,263)
(324,496), (330,352), (44,116), (332,245), (285,277), (95,139), (209,323), (172,340), (140,222), (217,255)
(280,319), (287,450), (71,67), (315,409), (334,375), (322,192), (323,292), (189,257), (299,324), (76,78)
