(111,198), (302,291), (104,207), (340,327), (287,379), (262,361), (160,231), (185,95), (232,299), (308,335)
(289,367), (73,128), (166,171), (101,88), (244,204), (30,141), (165,271), (51,99), (94,153), (132,268)
(213,253), (120,88), (253,425), (343,278), (41,111), (137,103), (199,374), (246,401), (202,325), (300,480)
(40,151), (74,72), (332,333), (325,181), (206,248), (198,245), (234,208), (227,240), (122,103), (145,225)
(191,293), (89,153), (269,355), (317,338), (201,256), (167,317), (219,278), (221,360), (291,390), (188,170)
(164,292), (218,331), (276,347), (161,234), (25,110), (254,141), (169,176), (131,239), (94,146), (194,338)
(190,363), (53,129), (244,132), (255,319), (265,291), (228,305), (131,85), (158,226), (297,359), (165,141)
(219,207), (197,159), (304,181), (206,190), (210,361), (97,149), (331,401), (268,244), (33,80), (167,125)
(320,432), (84,224), (270,182), (226,106), (283,157), (243,281), (280,250), (176,235), (214,215), (320,477)
(97,216), (155,311), (270,405), (119,102), (192,111), (271,265), (217,321), (178,307), (195,214), (318,471)
(236,153), (220,235), (270,185), (168,350), (40,79), (296,196), (297,170), (255,360), (338,392), (344,425)
(206,232), (302,422), (342,196), (149,262), (211,408), (214,263), (48,97), (167,286), (135,238), (55,160)
(271,382), (226,358), (297,254), (227,239), (212,264), (299,451), (111,269), (72,167), (149,238), (149,217)
(101,152), (309,456), (217,111), (250,192), (295,371), (189,123), (241,328), (266,270), (103,181), (289,426)
(316,498), (291,358), (289,282), (323,219), (62,116), (179,277), (227,334), (195,381), (199,360), (79,77)
(332,202), (131,154), (190,110), (73,49), (139,298), (259,178), (136,132), (239,427), (105,261), (126,155)
(259,363), (339,346), (226,241), (348,233), (161,97), (275,277), (252,335), (288,227), (174,342), (129,288)
(350,295), (166,187), (276,223), (246,415), (258,452), (179,369), (316,490), (287,232), (316,274), (177,278)
(75,104), (149,145), (168,212), (139,302), (203,111), (197,93), (103,237), (285,164), (256,172), (132,106)
(105,199), (178,335), (78,167), (123,73), (226,423), (266,457), (225,171), (109,54), (166,135), (183,194)
(121,243), (209,382), (125,284), (112,183), (275,226), (251,143), (236,274), (36,61), (166,303), (232,412)
(206,371), (182,133), (115,254), (99,168), (216,378), (248,402), (144,87), (259,424), (123,274), (143,189)
(315,439), (140,117), (194,247), (155,153), (297,315), (291,232), (151,162), (108,151), (235,379), (182,306)
(291,379), (163,141), (213,394), (64,99), (159,335), (144,98), (239,406), (276,341), (200,340), (341,337)
(344,320), (173,147), (317,174), (226,184), (335,262), (210,200), (226,219), (113,65), (278,428), (228,292)
(140,179), (164,109), (41,113), (242,185), (218,319), (325,292), (285,276), (95,180), (301,443), (196,108)
(306,221), (222,136), (339,315), (151,278), (46,116), (253,129), (259,267), (211,144), (58,103), (160,239)
(338,400), (98,143), (288,206), (194,390), (111,203), (171,101), (236,294), (185,343), (242,385), (219,116)
(29,73), (46,164), (108,232), (207,126), (122,213), (227,129), (216,109), (158,303), (135,111), (257,418)
(49,154), (115,185), (130,274), (82,117), (192,197), (328,398), (346,282), (174,103), (231,117), (206,360)
(284,296), (211,257), (237,326), (233,242), (198,343), (215,231), (216,310), (37,117), (198,141), (346,377)
(310,428), (112,151), (153,296), (310,455), (217,311), (282,347), (282,238), (86,106), (106,224), (89,164)
(223,369), (287,151), (340,374), (303,422), (343,224), (333,458), (250,200), (62,182), (35,77), (93,159)
(191,215), (114,195), (280,356), (103,220), (200,147), (322,227), (171,225), (161,73), (230,179), (187,182)
(322,409), (104,245), (304,380), (159,218), (57,144), (228,134), (122,254), (233,278), (304,405), (69,195)
(174,303), (255,157), (343,249), (199,229), (321,348), (193,338), (290,238), (187,146), (36,126), (328,461)
(194,381), (226,372), (88,116), (339,445), (233,337), (232,246), (260,428), (221,410), (263,351), (335,328)
(295,380), (298,342), (44,85), (174,185), (340,411), (336,233), (38,86), (147,152), (165,237), (232,215)
(260,427), (177,157), (270,461), (217,169), (127,190), (298,319), (109,56), (191,196), (342,308), (272,209)
(307,198), (161,121), (120,174), (266,359), (189,292), (330,431), (47,132), (115,167), (235,393), (92,244)
(215,323), (272,148), (222,409), (302,208), (210,240), (162,87), (142,64), (282,247), (181,232), (290,384)
(338,269), (316,437), (312,334), (186,235), (61,93), (73,170), (318,246), (336,211), (241,335), (215,367)
(126,198), (270,354), (94,115), (165,199), (251,428), (255,162), (168,94), (269,417), (247,393), (126,178)
(294,306), (260,142), (285,305), (136,291), (290,389), (262,243), (111,146), (196,300), (176,169), (285,273)
(84,151), (308,473), (331,315), (208,116), (121,225), (108,178), (275,413), (272,173), (205,121), (243,327)
(47,128), (85,71), (219,110), (250,305), (184,168), (247,131), (269,346), (253,206), (340,256), (58,112)
(147,290), (113,188), (54,111), (147,200), (239,239), (72,114), (178,322), (331,475), (117,224), (43,158)
(331,454), (240,350), (128,151), (99,165), (56,130), (126,227), (99,106), (271,305), (267,236), (193,137)
(309,440), (172,338), (133,255), (201,305), (188,269), (102,53), (212,238), (183,257), (265,251), (348,275)
(187,301), (89,51), (134,213), (316,185), (167,198), (74,136), (132,299), (307,398), (283,182), (195,123)
(240,376), (84,57), (119,275), (109,105), (211,173), (121,227), (310,436), (158,310), (63,109), (303,315)
(155,301), (214,157), (120,83), (344,283), (106,206), (150,150), (328,297), (229,288), (79,182), (304,414)
(55,63), (88,117), (316,457), (163,311), (276,467), (338,214), (166,221), (318,284), (346,284), (289,238)
(163,176), (163,262), (143,285), (117,207), (336,417), (193,193), (269,237), (255,313), (125,169), (328,400)
(213,339), (184,335), (254,244), (176,133), (151,320), (98,92), (222,265), (166,124), (297,172), (330,427)
(248,143), (95,126), (262,403), (294,452), (291,385), (244,265), (29,97), (281,351), (304,440), (134,262)
(239,152), (191,134), (118,114), (340,318), (148,206), (49,110), (291,405), (348,241), (317,295), (273,163)
(222,231), (116,56), (338,345), (220,411), (189,244), (274,206), (205,353), (291,338), (252,272), (165,188)
(75,66), (200,128), (128,206), (253,315), (153,241), (89,113), (193,115), (230,389), (197,87), (88,103)
(148,189), (145,223), (307,282), (142,86), (316,195), (291,212), (222,348), (291,331), (159,241), (147,241)
(315,496), (153,239), (182,168), (141,203), (298,224), (324,315), (342,260), (163,244), (209,180), (269,410)
(235,161), (45,75), (262,436), (350,324), (153,72), (283,400), (239,120), (108,171), (179,356), (333,228)
(344,216), (145,134), (312,320), (309,389), (218,229), (344,352), (207,305), (51,112), (55,74), (263,140)
(213,222), (228,280), (169,159), (209,139), (104,229), (224,347), (178,195), (284,426), (293,179), (118,106)
(297,230), (135,273), (195,287), (277,403), (204,159), (263,197), (149,244), (232,414), (210,254), (251,446)
(257,426), (173,167), (229,325), (23,111), (350,200), (246,133), (148,263), (227,149), (51,172), (259,320)
(62,76), (220,361), (290,449), (58,80), (265,252), (146,181), (102,232), (112,266), (63,93), (255,183)
(125,196), (110,78), (200,394), (184,114), (321,289), (212,270), (324,396), (194,382), (168,347), (133,108)
(221,102), (186,258), (106,160), (220,309), (266,381), (224,267), (72,54), (220,392), (121,60), (205,184)
(318,314), (245,332), (216,354), (155,188), (231,253), (199,88), (326,323), (114,166), (223,324), (247,182)
(326,363), (86,198), (163,253), (202,224), (280,183), (227,135), (233,219), (318,210), (180,239), (183,294)
(282,334), (144,237), (150,285), (245,406), (225,168), (91,194), (199,390), (266,427), (278,451), (256,265)
(199,219), (43,106), (250,286), (137,91), (170,238), (40,60), (268,285), (36,66), (58,117), (222,225)
(276,175), (217,280), (85,112), (335,242), (213,284), (66,135), (205,328), (284,353), (200,253), (158,326)
(344,352), (177,336), (315,376), (331,217), (111,68), (193,170), (36,97), (103,166), (89,83), (241,256)
(70,60), (203,358), (295,441), (120,153), (167,80), (160,74), (239,318), (173,319), (227,154), (266,249)
(169,282), (337,191), (221,236), (76,91), (50,70), (102,127), (216,247), (200,145), (146,274), (190,182)
(157,130), (220,298), (264,252), (80,93), (292,333), (334,471), (193,265), (306,217), (52,129), (148,232)
(330,487), (129,283), (128,62), (125,255), (250,414), (173,206), (200,370), (188,131), (308,237), (213,151)
(233,170), (278,382), (33,123), (235,139), (337,290), (60,196), (41,73), (249,396), (150,307), (163,166)
(107,122), (192,133), (309,328), (321,340), (56,46), (173,89), (322,389), (237,238), (101,110), (117,58)
(84,142), (147,104), (146,65), (315,226), (270,385), (112,128), (103,152), (149,90), (276,197), (149,97)
(298,443), (326,314), (104,91), (345,401), (206,394), (174,170), (166,147), (84,229), (125,86), (143,210)
(123,135), (331,288), (68,129), (152,112), (319,473), (267,360), (99,91), (230,295), (105,85), (211,409)
(256,393), (217,395), (308,439), (285,321), (182,99), (188,126), (191,142), (263,368), (30,85), (264,202)
(258,231), (189,374), (200,128), (173,358), (78,190), (202,226), (284,263), (207,214), (285,200), (158,210)
(168,267), (92,74), (313,442), (257,330), (231,194), (304,300), (329,390), (343,200), (299,274), (322,445)
(77,123), (252,232), (185,156), (147,85), (204,257), (68,174), (205,389), (241,426), (300,464), (126,255)
(113,224), (327,215), (279,377), (203,90), (291,358), (71,196), (188,193), (270,165), (204,365), (44,46)
(138,76), (26,97), (154,214), (68,150), (319,441), (72,201), (291,181), (268,342), (125,141), (121,259)
(168,77), (33,74), (292,273), (46,169), (245,430), (187,223), (308,460), (144,88), (177,170), (262,245)
(77,219), (182,159), (111,63), (207,375), (186,261), (119,160), (313,309), (195,170), (145,232), (166,155)
(315,316), (218,352), (313,314), (180,221), (290,427), (280,267), (191,132), (221,276), (285,428), (220,141)
(227,361), (319,482), (151,299), (64,48), (40,51), (25,126), (167,164), (91,81), (282,269), (183,277)
(246,304), (348,266), (238,408), (243,321), (241,362), (313,389), (246,178), (212,328), (284,180), (316,434)
(293,178), (226,356), (73,193), (83,54), (309,477), (140,308), (318,480), (150,78), (302,412), (327,288)
(222,407), (159,170), (294,466), (96,141), (63,187), (217,371), (233,296), (285,358), (262,170), (240,140)
(167,209), (177,337), (316,212), (153,273), (134,162), (193,255), (78,132), (310,311), (53,174), (263,205)
(159,290), (293,398), (141,262), (78,49), (256,171), (151,170), (264,374), (132,183), (305,364), (272,279)
(232,205), (200,349), (150,127), (334,464), (257,245), (158,319), (288,227), (183,272), (166,122), (109,214)
(180,213), (110,170), (263,288), (297,257), (338,422), (140,222), (233,239), (339,357), (215,394), (232,111)
(67,154), (123,260), (283,165), (310,408), (106,166), (177,132), (266,250), (287,196), (217,139), (75,122)
(32,70), (61,143), (129,163), (258,327), (323,201), (171,172), (223,133), (172,256), (139,288), (196,355)
(80,121), (205,229), (197,153), (241,374), (161,151), (276,199), (294,402), (166,110), (262,140), (243,248)
(147,133), (52,58), (309,277), (103,78), (236,326), (332,210), (334,205), (235,190), (277,444), (252,175)
(287,379), (262,230), (165,155), (170,199), (158,156), (335,472), (203,267), (319,354), (245,214), (345,422)
(46,46), (306,202), (163,188), (297,233), (320,370), (188,119), (202,96), (310,449), (213,324), (326,208)
(243,427), (263,304), (142,109), (130,87), (259,193), (338,277), (121,144), (269,251), (260,321), (288,253)
(117,139), (264,222), (217,128), (286,236), (178,76), (307,494), (166,340), (302,419), (102,145), (345,343)
(216,268), (266,428), (198,239), (197,227), (221,131), (280,170), (44,134), (277,219), (97,155), (66,106)
(254,310), (320,293), (201,330), (222,244), (323,180), (260,188), (312,288), (255,310), (301,317), (264,378)
(252,331), (144,238), (166,77), (330,500), (191,205), (226,180), (322,464), (60,67), (179,289), (42,71)
(209,216), (173,295), (126,292), (105,125), (251,374), (79,173), (27,102), (227,257), (42,149), (301,452)
(207,195), (180,339), (216,331), (262,278), (319,197), (297,172), (244,397), (327,183), (165,341), (157,184)
(291,171), (232,299), (282,148), (271,356), (186,85), (225,100), (219,348), (310,428), (221,111), (341,212)
(295,257), (246,263), (175,307), (94,100), (102,157), (195,266), (86,80), (303,309), (145,238), (224,310)
(169,349), (98,223), (135,208), (337,193), (128,287), (221,199), (157,240), (58,69), (178,209), (69,143)
(105,161), (138,181), (188,364), (230,256), (299,322), (40,162), (306,170), (270,148), (160,319), (116,160)
(203,385), (223,149), (248,158), (222,235), (260,219), (120,202), (137,193), (146,156), (243,357), (178,289)
(73,194), (48,115), (122,233), (62,120), (37,75), (97,236), (187,109), (148,118), (185,158), (253,278)
(305,203), (195,310), (31,136), (306,381), (205,370), (246,277), (188,221), (266,136), (215,343), (304,344)
(167,244), (337,406), (199,368), (204,122), (101,257), (342,364), (134,235), (103,134), (177,154), (105,185)
(231,257), (184,157), (288,264), (265,393), (163,244), (334,337), (72,49), (153,292), (91,60), (241,142)
(347,381), (285,179), (240,144), (83,138), (234,223), (287,406), (300,378), (71,119), (49,81), (154,158)
(267,448), (332,340), (259,301), (138,173), (131,142), (232,270), (214,129), (213,322), (337,420), (101,172)
(169,193), (340,388), (187,190), (308,375), (79,149), (292,429), (301,220), (194,204), (217,113), (309,261)
(147,244), (47,134), (339,414), (295,302), (286,278), (150,112), (49,82), (92,175), (190,368), (277,180)
(234,172), (217,303), (269,222), (177,219), (269,311), (129,105), (71,105), (188,252), (263,218), (69,168)
(161,338), (231,321), (305,495), (173,172), (324,345), (219,243), (49,60), (47,109), (161,71), (134,72)
(256,234), (97,59), (215,391), (55,96), (298,164), (297,179), (66,122), (190,205), (180,191), (210,390)
(123,239), (178,129), (178,198), (97,173), (198,119), (334,356), (130,204), (276,403), (296,187), (235,166)
(50,94), (162,127), (222,169), (140,78), (245,332), (315,406), (274,292), (303,411), (154,265), (214,262)
(127,70), (281,336), (188,272), (217,325), (258,264), (166,330), (215,326), (127,173), (175,74), (264,296)
(221,410), (141,104), (258,231), (276,467), (229,324), (140,80), (201,112), (98,155), (170,332), (236,265)
(319,490), (333,336), (110,219), (120,63), (324,387), (283,261), (226,136), (223,313), (333,477), (253,269)
(269,224), (333,214), (71,53), (212,115), (254,279), (188,159), (219,318), (236,119), (153,325), (228,116)
(325,426), (348,200), (85,59), (207,402), (140,161), (348,309), (285,350), (213,165), (122,269), (37,129)
(209,407), (286,236), (56,95), (78,185), (81,73), (332,427), (243,219), (331,409), (185,167), (338,217)
(289,167), (181,135), (136,118), (65,90), (77,112), (262,172), (125,144), (83,93), (328,215), (331,421)
(133,210), (281,147), (260,411), (54,163), (226,140), (198,258), (84,217), (253,179), (310,257), (264,402)
(96,118), (286,310), (237,325), (101,171), (266,325), (123,214), (131,221), (306,435), (64,122), (51,75)
(62,166), (91,59), (186,154), (337,441), (267,414), (201,211), (30,105), (197,159), (286,250), (206,342)
(272,287), (237,320), (250,318), (331,228), (171,342), (282,217), (106,112), (117,110), (174,324), (141,276)
(299,444), (229,308), (109,149), (344,428), (325,387), (223,347), (163,279), (225,324), (213,122), (315,371)
(312,213), (339,221), (318,320), (105,106), (218,397), (292,384), (157,239), (338,336), (267,157), (65,71)
(262,213), (243,312), (227,239), (225,249), (35,86), (95,138), (79,202), (267,314), (136,200), (130,275)
(146,238), (161,100), (116,238), (25,113), (346,264), (133,120), (141,281), (297,370), (195,374), (276,185)
(264,201), (207,287), (185,147), (58,140), (192,267), (168,327), (132,124), (287,151), (197,314), (310,482)
(73,123), (258,298), (142,206), (205,183), (124,204), (185,175), (323,434), (324,467), (275,400), (293,254)
(187,306), (162,117), (257,401), (274,413), (279,357), (323,358), (138,262), (204,357), (44,138), (113,133)
(145,233), (307,212), (164,189), (310,419), (208,386), (346,332), (145,76), (303,220), (251,338), (287,364)
(320,412), (258,346), (224,193), (172,180), (161,257), (219,236), (208,156), (324,309), (112,238), (279,399)
(258,401), (303,430), (125,261), (93,219), (241,411), (97,218), (210,398), (337,323), (253,355), (180,289)
(207,210), (297,279), (315,421), (303,486), (182,96), (261,234), (149,221), (70,164), (199,88), (310,474)
(137,63), (347,398), (187,344), (106,87), (286,344), (238,264), (246,275), (238,221), (284,335), (303,351)
(226,346), (148,166), (188,93), (194,257), (274,155), (305,254), (295,393), (228,140), (182,291), (306,191)
(173,214), (259,326), (289,395), (181,103), (213,150), (301,455), (298,182), (36,99), (343,219), (176,275)
(223,218), (331,364), (323,353), (191,310), (281,377), (315,384), (328,189), (333,239), (338,423), (198,295)
(299,356), (128,194), (284,168), (181,293), (327,320), (276,205), (148,305), (60,107), (315,399), (114,264)
(243,324), (152,291), (174,244), (82,53), (317,212), (127,173), (157,112), (228,366), (163,191), (298,445)
(223,318), (152,268), (182,282), (271,158), (266,458), (197,367), (241,198), (298,283), (187,378), (171,241)
(71,144), (220,312), (338,256), (347,262), (316,454), (311,191), (171,301), (187,358), (148,260), (143,106)
(187,122), (338,440), (248,133), (327,394), (349,219), (23,110), (304,218), (174,243), (211,153), (201,94)
(92,60), (51,97), (315,493), (279,329), (139,295), (164,134), (126,159), (137,219), (148,101), (132,178)
(178,180), (263,435), (215,250), (153,310), (61,78), (292,374), (263,395), (289,271), (214,199), (63,91)
(182,154), (141,210), (281,218), (157,293), (155,210), (294,361), (161,215), (140,164), (217,188), (212,201)
(207,364), (335,207), (226,385), (284,247), (70,139), (158,134), (152,106), (275,460), (277,395), (244,197)
(177,342), (192,231), (153,116), (213,273), (190,98), (186,158), (154,164), (61,143), (324,304), (349,338)
(214,264), (28,150), (253,206), (256,203), (347,385), (254,223), (81,98), (153,153), (213,411), (50,71)
(195,196), (114,191), (141,213), (236,404), (258,249), (228,158), (70,52), (320,430), (81,50), (66,57)
(112,115), (191,172), (247,392), (260,451), (255,205), (326,258), (45,171), (235,305), (245,127), (287,188)
(318,206), (137,161), (215,235), (329,320), (193,169), (129,64), (160,178), (182,220), (85,174), (52,117)
(123,216), (137,118), (77,172), (329,291), (45,96), (264,278), (282,258), (219,405), (290,160), (280,194)
(46,113), (308,349), (111,197), (234,327), (327,376), (198,212), (222,216), (334,461), (86,208), (200,227)
(247,415), (314,240), (112,266), (171,97), (349,374), (136,270), (136,256), (211,139), (231,343), (110,70)
(38,129), (307,225), (287,277), (72,66), (299,320), (273,323), (221,115), (143,273), (83,118), (299,322)
(204,345), (295,417), (254,148), (277,437), (115,133), (235,283), (138,241), (337,397), (189,314), (276,296)
(101,181), (155,267), (285,152), (208,199), (278,223), (303,442), (201,136), (253,313), (323,215), (139,302)
(242,291), (330,313), (310,500), (339,235), (146,113), (231,257), (327,415), (178,76), (286,355), (69,162)
(244,340), (334,324), (345,247), (285,290), (159,337), (47,82), (216,112), (172,308), (250,442), (184,94)
(124,79), (247,307), (200,367), (237,332), (275,245), (203,174), (250,316), (203,325), (208,187), (321,440)
(346,317), (249,382), (101,137), (29,151), (267,380), (213,188), (207,384), (204,392), (238,426), (319,357)
(278,344), (78,184), (159,213), (127,146), (222,365), (241,198), (286,171), (165,209), (318,276), (299,305)
(185,168), (107,72), (247,420), (104,163), (113,231), (224,242), (261,356), (315,430), (144,127), (338,343)
(113,232), (347,365), (319,371), (107,130), (207,258), (252,338), (173,95), (311,382), (277,396), (231,216)
(161,343), (170,101), (151,168), (284,356), (243,312), (111,143), (219,107), (92,218), (165,80), (301,425)
(44,158), (194,278), (248,362), (195,258), (57,49), (224,194), (46,128), (39,93), (26,83), (186,201)
(188,245), (167,115), (332,244), (40,160), (311,411), (326,334), (92,188), (206,306), (95,113), (326,272)
(190,306), (272,191), (89,235), (325,395), (33,97), (243,400), (261,199), (297,161), (264,382), (182,198)
(228,343), (249,173), (92,201), (95,169), (115,202), (144,153), (159,202), (244,262), (151,196), (232,152)
(264,202), (138,191), (278,367), (159,115), (271,328), (278,364), (44,124), (219,359), (261,455), (105,127)
(279,457), (181,230), (214,140), (200,165), (186,271), (173,200), (112,151), (200,182), (29,107), (291,197)
(168,341), (36,94), (337,444), (96,133), (142,232), (125,281), (180,284), (291,256), (294,191), (350,364)
(206,332), (167,293), (320,313), (114,135), (312,463), (212,377), (155,238), (156,242), (175,344), (55,181)
(65,132), (199,218), (87,206), (235,117), (184,276), (146,81), (121,172), (314,263), (227,333), (83,174)
(325,280), (273,337), (234,154), (75,74), (303,355), (177,321), (110,138), (187,90), (129,118), (96,80)
(154,307), (79,207), (120,164), (266,229), (95,144), (215,271), (175,127), (231,300), (317,215), (104,181)
(321,479), (154,232), (110,258), (128,102), (349,385), (144,299), (96,189), (337,421), (41,121), (323,295)
(147,184), (62,74), (235,219), (71,201), (91,227), (166,204), (138,239), (288,164), (224,263), (253,207)
(239,125), (266,456), (159,192), (321,467), (84,93), (257,313), (265,270), (96,156), (252,427), (99,115)
(180,112), (349,309), (255,135), (68,81), (116,126), (72,128), (224,131), (36,139), (128,184), (331,357)
(329,347), (238,261), (315,485), (227,271), (64,99), (259,179), (310,375), (340,332), (111,185), (223,345)
(222,178), (296,339), (333,199), (285,378), (121,184), (123,238), (293,379), (308,332), (271,422), (345,396)
(323,375), (54,64), (192,311), (199,116), (110,213), (181,137), (306,209), (118,204), (56,86), (342,247)
(254,377), (216,115), (86,132), (135,108), (257,373), (85,159), (279,249), (78,139), (152,67), (272,333)
(157,159), (242,357), (342,221), (182,248), (257,394), (262,362), (190,183), (265,345), (211,163), (251,430)
(280,220), (233,375), (312,367), (155,287), (309,188), (236,219), (283,469), (290,468), (331,347), (191,300)
(202,348), (144,87), (337,424), (96,180), (308,432), (221,165), (266,417), (252,194), (171,284), (287,264)
(167,296), (341,289), (285,164), (147,123), (249,176), (174,113), (286,170), (30,48), (263,199), (349,323)
(272,238), (263,436), (196,331), (201,104), (273,159), (305,326), (93,139), (136,59), (301,458), (349,320)
(350,367), (224,166), (126,193), (52,86), (331,278), (311,239), (316,225), (192,220), (135,244), (302,420)
(194,372), (99,209), (280,426), (275,227), (153,266), (40,80), (121,264), (35,109), (251,135), (224,130)
(294,298), (281,154), (294,205), (51,149), (244,128), (143,157), (48,75), (93,53), (300,466), (109,207)
(193,103), (310,371), (64,135), (272,432), (175,121), (80,59), (100,151), (79,93), (314,319), (123,101)
(114,180), (171,185), (262,213), (143,103), (291,367), (95,112), (314,304), (302,489), (250,191), (215,271)
(339,427), (308,195), (149,189), (274,432), (251,405), (44,167), (152,133), (209,402), (315,279), (158,181)
(311,482), (299,283), (258,326), (310,228), (316,413), (344,405), (258,252), (270,441), (119,197), (346,204)
(246,260), (115,58), (123,150), (222,357), (108,124), (231,158), (293,356), (244,259), (185,254), (252,343)
(211,161), (304,286), (251,201), (23,134), (326,193), (331,204), (161,309), (346,351), (326,356), (302,244)
(226,187), (323,298), (42,156), (159,179), (308,373), (268,454), (297,316), (322,365), (179,344), (151,216)
(115,198), (255,168), (283,223), (114,268), (89,234), (184,320), (335,297), (331,193), (132,77), (102,145)
(297,287), (280,237), (188,291), (223,139), (272,410), (291,217), (202,162), (125,288), (102,173), (262,262)
(133,236), (210,177), (145,114), (51,155), (151,292), (93,73), (198,286), (164,139), (207,353), (246,208)
(286,401), (56,52), (185,348), (104,182), (279,441), (71,183), (117,102), (51,118), (238,431), (302,196)
(338,359), (87,170), (284,375), (255,446), (246,257), (239,419), (291,361), (304,376), (320,486), (49,67)
(157,175), (209,311), (292,236), (177,113), (126,222), (113,253), (159,220), (310,300), (176,177), (316,411)
(232,294), (112,142), (189,96), (66,79), (303,263), (180,232), (229,136), (214,322), (103,155), (298,415)
(249,236), (316,274), (228,403), (252,425), (299,390), (332,438), (149,292), (132,292), (249,233), (281,174)
(238,287), (80,116), (144,238), (104,114), (320,372), (320,401), (234,387), (66,72), (194,98), (232,416)
(329,190), (151,304), (193,188), (88,220), (84,140), (235,189), (153,326), (246,431), (74,207), (107,188)
(86,155), (165,69), (184,251), (298,371), (324,223), (323,248), (279,303), (128,119), (93,61), (277,428)
(71,123), (221,234), (137,196), (327,367), (140,153), (127,75), (217,176), (302,428), (175,236), (113,197)
(155,158), (255,383), (123,255), (123,219), (111,232), (120,133), (241,261), (259,138), (186,102), (307,197)
(231,290), (260,317), (211,384), (220,185), (341,387), (74,133), (36,123), (261,284), (258,432), (147,236)
(147,158), (322,250), (165,133), (126,57), (266,156), (225,348), (227,379), (339,313), (328,417), (54,87)
(318,262), (162,218), (103,228), (144,256), (184,169), (94,165), (294,374), (186,139), (307,386), (253,130)
(297,338), (102,215), (95,213), (66,116), (71,70), (137,299), (296,339), (293,210), (233,207), (64,170)
(62,158), (50,85), (221,105), (238,359), (253,369), (166,154), (178,349), (111,149), (178,366), (198,239)
(244,281), (293,274), (163,133), (96,98), (64,80), (66,128), (295,462), (210,352), (294,274), (290,278)
(106,187), (267,453), (241,157), (135,204), (136,235), (60,49), (238,257), (202,120), (300,216), (209,408)
(198,173), (260,129), (297,233), (285,300), (131,69), (71,83), (83,135), (233,128), (141,153), (138,223)
(255,309), (306,296), (241,271), (111,236), (238,369), (188,91), (327,328), (222,355), (179,94), (283,340)
(174,250), (302,410), (194,100), (80,128), (201,161), (233,202), (203,357), (256,405), (143,265), (213,137)
(310,221), (184,286), (138,81), (332,479), (266,161), (175,250), (145,285), (141,82), (310,315), (150,307)
(140,139), (195,331), (330,500), (305,454), (38,142), (336,446), (333,280), (285,201), (130,248), (103,71)
(128,135), (68,79), (174,87), (297,295), (189,105), (160,202), (254,167), (98,244), (234,231), (232,219)
(131,290), (264,356), (256,276), (311,204), (148,259), (309,265), (266,373), (135,90), (171,255), (103,212)
(111,154), (57,61), (55,95), (202,347), (234,398), (142,255), (98,68), (297,274), (287,241), (196,163)
(105,113), (300,268), (224,272), (209,318), (256,441), (242,414), (111,188), (111,210), (117,165), (129,61)
(139,129), (198,97), (52,114), (263,358), (134,293), (332,438), (239,267), (283,331), (163,166), (188,198)
(253,134), (282,324), (279,202), (89,159), (187,146), (149,113), (191,387), (43,130), (72,122), (117,158)
(81,225), (44,60), (283,360), (60,191), (102,172), (74,90), (255,286), (233,410), (99,70), (101,141)
(297,253), (277,446), (207,371), (95,92), (328,204), (194,209), (70,62), (238,152), (345,394), (157,72)
(119,273), (56,181), (54,59), (157,282), (297,420), (318,316), (143,107), (124,229), (220,205), (340,210)
(189,281), (249,185), (262,211), (222,206), (126,189), (304,239), (124,97), (243,122), (297,474), (287,169)
(295,337), (296,219), (180,161), (74,62), (74,178), (337,366), (253,286), (266,377), (101,182), (194,109)
(338,382), (95,246), (117,209), (343,337), (78,154), (298,270), (86,146), (190,216), (210,183), (175,146)
(312,314), (226,220), (340,344), (184,180), (186,169), (36,120), (199,221), (200,358), (96,165), (112,139)
(292,379), (62,114), (142,233), (169,182), (338,251), (196,165), (301,181), (344,251), (23,113), (114,105)
(217,213), (112,211), (274,224), (28,129), (29,124), (258,266), (192,138), (217,392), (76,69), (310,370)
(222,248), (116,227), (341,210), (221,156), (246,378), (68,76), (292,363), (253,153), (159,210), (219,100)
(324,390), (90,113), (225,281), (148,194), (187,255), (72,52), (119,166), (296,315), (124,228), (105,254)
(250,340), (76,177), (27,101), (260,219), (90,82), (208,312), (254,401), (146,219), (120,186), (227,331)
(271,440), (171,241), (220,173), (317,464), (345,313), (125,67), (208,278), (285,450), (126,94), (172,338)
(270,139), (304,262), (273,410), (110,141), (309,265), (96,72), (145,240), (135,187), (332,282), (298,263)
(117,161), (208,290), (292,292), (61,186), (87,162), (244,197), (154,294), (252,361), (88,164), (38,42)
(293,339), (39,103), (124,125), (304,283), (208,212), (238,221), (135,275), (197,164), (284,393), (67,192)
(103,181), (214,336), (147,161), (177,82), (228,243), (160,217), (314,285), (310,352), (294,440), (181,253)
(317,448), (184,345), (192,340), (135,245), (193,222), (242,306), (330,249), (146,130), (344,306), (297,241)
(227,384), (238,292), (106,177), (301,485), (159,116), (217,315), (193,283), (237,361), (324,218), (111,181)
(349,269), (292,321), (307,335), (346,342), (168,267), (333,415), (113,171), (110,183), (214,311), (324,369)
(139,112), (248,256), (113,258), (168,196), (136,181), (285,333), (202,179), (295,257), (54,141), (98,76)
(251,365), (246,139), (141,271), (165,249), (251,313), (310,337), (42,145), (225,378), (95,159), (100,231)
(268,283), (113,124), (220,379), (235,172), (82,100), (288,161), (256,397), (325,464), (334,250), (226,410)
(271,233), (170,120), (251,372), (212,330), (154,83), (283,355), (261,314), (172,299), (131,266), (201,116)
(168,226), (57,126), (29,131), (310,340), (339,197), (290,211), (191,261), (262,175), (163,217), (101,98)
(320,328), (281,230), (234,346), (302,436), (202,262), (276,150), (191,273), (253,434), (162,331), (43,66)
(147,141), (80,92), (120,78), (296,337), (263,412), (77,196), (263,403), (280,262), (320,457), (175,138)
(41,93), (211,210), (293,314), (144,280), (244,241), (118,221), (35,73), (37,152), (149,63), (209,277)
(40,88), (341,257), (94,151), (279,467), (316,389), (158,176), (38,154), (174,295), (286,341), (319,228)
(162,143), (325,236), (330,420), (135,59), (125,162), (322,360), (350,362), (160,209), (266,262), (323,389)
(349,357), (263,230), (75,131), (214,105), (157,315), (135,211), (327,458), (282,152), (44,132), (107,148)
(297,392), (187,228), (293,409), (224,123), (244,120), (147,126), (37,152), (142,90), (138,138), (186,299)
(270,299), (202,281), (274,341), (95,173), (271,274), (254,396), (116,246), (233,116), (298,177), (320,186)
(310,458), (220,241), (59,157), (52,76), (170,235), (174,352), (284,310), (273,153), (163,75), (191,245)
(168,205), (98,79), (293,439), (208,93), (49,153), (100,128), (80,161), (187,364), (57,50), (294,296)
(117,130), (298,287), (67,177), (205,370), (268,422), (325,325), (281,211), (226,167), (137,162), (75,210)
(346,402), (316,197), (272,294), (244,137), (119,169), (145,144), (320,287), (246,275), (40,112), (286,320)
(217,385), (223,269), (288,388), (132,154), (266,386), (347,385), (156,196), (271,260), (136,175), (286,238)
(258,427), (264,378), (182,121), (347,321), (120,199), (90,87), (299,403), (225,382), (182,304), (318,248)
(183,165), (107,220), (252,423), (179,123), (70,196), (257,148), (110,217), (135,290), (316,227), (261,146)
(128,281), (69,80), (297,170), (164,147), (102,134), (293,465), (146,259), (288,434), (240,436), (300,270)
(301,456), (224,184), (322,375), (303,378), (63,156), (61,140), (225,302), (198,318), (332,372), (224,289)
(102,73), (167,344), (294,404), (103,194), (170,246), (167,119), (297,345), (266,288), (329,370), (234,196)
(127,90), (268,453), (273,205), (42,88), (224,290), (85,144), (148,267), (128,84), (201,225), (234,254)
(184,116), (334,366), (68,159), (264,347), (77,168), (96,95), (133,242), (344,223), (114,248), (348,263)
(180,144), (192,274), (238,178), (329,379), (168,85), (124,243), (231,263), (279,228), (238,423), (142,68)
(135,211), (61,59), (323,500), (77,116), (73,132), (219,212), (247,282), (197,356), (138,65), (332,403)
(260,276), (239,413), (342,349), (277,439), (136,245), (286,240), (212,146), (179,105), (117,57), (226,288)
(314,309), (237,133), (181,177), (166,256), (214,400), (233,202), (326,185), (148,191), (270,444), (298,160)
(292,379), (224,316), (206,142), (178,253), (331,487), (225,135), (271,208), (261,385), (305,295), (332,333)
(136,214), (337,427), (322,293), (184,284), (319,221), (269,259), (227,142), (153,121), (239,402), (324,467)
(110,224), (219,295), (102,76), (212,179), (207,249), (44,84), (285,366), (348,206), (298,228), (202,144)
(275,251), (213,136), (299,354), (329,393), (277,363), (183,228), (137,115), (260,243), (236,386), (302,303)
(296,167), (195,233), (172,331), (139,120), (127,288), (122,206), (168,98), (177,78), (228,173), (185,361)
(209,181), (125,194), (89,186), (245,247), (80,69), (91,220), (260,190), (346,280), (110,84), (238,182)
(227,251), (61,182), (278,320), (309,250), (66,110), (337,292), (147,145), (240,271), (74,215), (218,408)
(342,358), (309,453), (116,104), (333,364), (320,445), (272,334), (107,261), (263,157), (315,460), (306,331)
(262,184), (227,206), (106,177), (221,179), (261,310), (247,395), (348,301), (133,209), (300,356), (58,47)
(310,460), (288,443), (150,267), (322,292), (256,230), (324,206), (305,463), (59,108), (215,337), (183,219)
(243,333), (344,314), (270,458), (291,331), (302,456), (42,88), (274,407), (217,266), (265,198), (323,249)
(182,162), (307,261), (247,344), (63,50), (172,276), (313,251), (332,364), (131,99), (309,278), (150,260)
(185,313), (348,319), (54,133), (160,133), (27,104), (350,216), (252,340), (327,234), (289,468), (342,249)
(284,371), (58,137), (342,252), (37,103), (330,268), (302,172), (173,310), (246,154), (193,213), (84,175)
(74,177), (146,87), (323,196), (91,67), (321,499), (274,192), (55,119), (244,416), (77,176), (248,351)
(179,200), (175,302), (53,159), (236,278), (205,362), (230,424), (88,121), (186,343), (258,198), (308,355)
(169,350), (147,176), (283,298), (181,343), (231,198), (256,309), (59,106), (270,275), (64,186), (184,343)
(84,232), (70,167), (188,295), (166,197), (156,72), (301,394), (174,183), (193,99), (310,180), (154,189)
(213,261), (146,309), (234,162), (271,457), (119,119), (246,170), (172,180), (154,158), (285,164), (85,143)
(175,116), (292,209), (243,370), (245,406), (224,203), (261,138), (332,262), (152,215), (171,195), (313,212)
(222,380), (346,229), (291,262), (301,359), (135,295), (154,114), (228,146), (275,319), (248,349), (263,208)
(128,185), (162,142), (261,454), (292,158), (203,398), (334,343), (277,209), (253,271), (289,358), (271,354)
(277,354), (269,248), (255,393), (271,173), (251,152), (196,345), (316,247), (132,96), (253,363), (315,287)
(308,289), (225,416), (225,314), (311,409), (312,332), (228,412), (243,260), (336,409), (249,312), (282,402)
(105,92), (247,366), (75,125), (330,454), (188,86), (240,129), (269,350), (306,326), (172,315), (261,423)
(62,158), (192,152), (270,320), (191,124), (182,222), (242,399), (148,197), (265,286), (299,327), (328,344)
(200,234), (221,189), (64,60), (327,369), (312,398), (339,374), (300,442), (296,224), (48,145), (37,143)
(217,273), (106,85), (142,217), (95,132), (238,183), (48,165), (293,284), (205,332), (128,243), (69,184)
(84,220), (195,352), (32,131), (134,133), (98,82), (179,215), (209,313), (323,225), (332,472), (83,110)
(232,410), (314,389), (64,77), (167,123), (263,304), (170,255), (104,249), (176,143), (339,322), (252,341)
(188,207), (229,326), (90,122), (291,222), (209,383), (338,391), (189,166), (251,304), (285,220), (122,159)
(61,126), (286,203), (101,211), (124,204), (116,237), (216,376), (33,118), (157,215), (230,297), (123,172)
(117,58), (310,373), (126,121), (258,162), (228,103), (124,250), (95,92), (178,95), (149,219), (270,207)
(236,306), (235,368), (290,419), (126,247), (282,330), (339,235), (346,245), (244,223), (228,148), (341,354)
(99,253), (245,141), (278,374), (87,151), (320,471), (267,149), (110,164), (208,132), (293,465), (96,95)
(190,377), (312,250), (140,296), (219,210), (184,134), (347,242), (222,188), (142,253), (150,174), (169,345)
(345,336), (172,127), (206,289), (114,61), (139,184), (216,181), (159,318), (320,466), (224,227), (300,395)
(204,186), (299,233), (102,233), (337,337), (310,248), (239,205), (292,387), (283,364), (235,113), (289,293)
(75,79), (110,250), (291,343), (158,142), (140,79), (226,405), (210,164), (91,194), (57,177), (250,341)
(110,251), (157,91), (314,417), (132,225), (287,430), (191,85), (84,60), (159,273), (267,154), (275,315)
(270,240), (280,451), (265,364), (188,144), (317,203), (105,63), (224,228), (191,383), (139,99), (324,414)
(186,269), (220,135), (283,387), (333,421), (246,194), (290,456), (194,144), (160,280), (161,281), (175,268)
(53,60), (329,190), (192,269), (177,143), (144,63), (231,249), (96,169), (309,254), (296,213), (306,251)
(267,428), (210,144), (309,440), (200,204), (228,236), (143,266), (334,254), (106,245), (308,359), (143,72)
(274,215), (190,371), (189,235), (212,285), (125,273), (281,201), (274,430), (280,261), (128,286), (321,336)
(340,276), (101,213), (172,347), (342,342), (107,192), (296,375), (283,161), (264,344), (103,82), (302,250)
(110,269), (243,201), (150,60), (177,327), (190,315), (254,383), (187,344), (145,282), (326,261), (80,170)
(215,276), (95,202), (146,116), (235,259), (327,368), (63,134), (335,429), (45,76), (345,283), (191,182)
(346,315), (80,218), (258,210), (250,268), (305,209), (85,123), (247,369), (257,280), (303,269), (318,202)
(302,411), (47,91), (228,294), (224,364), (313,450), (342,367), (346,301), (270,358), (75,180), (102,61)
(267,435), (91,70), (101,98), (326,197), (347,331), (88,123), (287,230), (149,261), (26,99), (152,70)
(182,341), (163,112), (41,93), (271,239), (298,304), (251,223), (172,199), (241,235), (68,147), (177,157)
(311,338), (39,156), (205,312), (53,123), (129,95), (329,409), (308,408), (31,145), (209,112), (326,257)
(174,221), (245,373), (220,124), (89,53), (261,138), (266,374), (128,287), (246,144), (22,124), (245,335)
(118,228), (276,211), (320,454), (290,247), (130,279), (294,172), (166,208), (169,125), (251,136), (226,394)
(266,372), (123,216), (59,148), (119,91), (282,425), (103,147), (307,402), (238,322), (318,221), (197,102)
(226,291), (177,311), (339,376), (132,125), (186,162), (229,364), (269,213), (255,315), (333,395), (303,411)
(111,87), (198,160), (265,187), (108,114), (283,309), (79,178), (251,329), (61,77), (316,192), (182,268)
(304,182), (80,51), (177,206), (303,412), (257,430), (173,333), (176,260), (83,52), (330,315), (281,452)
(307,353), (212,166), (199,268), (181,349), (333,370), (311,222), (157,66), (175,297), (157,276), (149,182)
(335,405), (333,353), (226,383), (310,304), (201,108), (188,99), (145,256), (170,231), (323,233), (163,74)
(164,310), (278,408), (99,101), (60,87), (319,367), (312,233), (273,430), (232,169), (276,161), (140,302)
(215,130), (39,107), (211,262), (296,435), (200,298), (334,382), (211,263), (80,68), (198,152), (82,80)
(118,225), (102,70), (135,189), (305,188), (143,155), (316,281), (273,457), (29,115), (345,370), (160,241)
(179,203), (33,96), (271,267), (279,236), (167,139), (258,136), (69,200), (295,327), (155,193), (209,215)
(30,123), (57,51), (321,488), (308,493), (251,151), (196,167), (193,125), (315,297), (134,167), (256,309)
(296,224), (60,96), (276,323), (278,414), (219,312), (343,376), (318,228), (150,83), (233,160), (185,96)
(84,82), (148,158), (315,216), (308,276), (144,267), (302,199), (262,137), (157,185), (247,191), (212,287)
(321,498), (294,404), (327,355), (95,193), (191,279), (189,366), (37,123), (309,288), (234,132), (66,116)
(104,168), (168,120), (248,321), (299,282), (28,66), (243,214), (323,481), (155,235), (253,421), (270,456)
(215,267), (28,113), (283,156), (75,166), (283,291), (152,200), (101,256), (97,100), (336,315), (270,181)
(310,235), (314,374), (308,319), (218,351), (206,189), (77,161), (156,92), (158,270), (181,176), (234,199)
(60,66), (243,371), (73,99), (85,101), (238,175), (283,391), (312,204), (52,61), (43,86), (38,159)
(118,219), (176,250), (51,44), (255,402), (132,87), (290,364), (49,173), (293,244), (269,164), (288,470)
(210,210), (85,85), (62,69), (209,129), (187,242), (235,389), (125,67), (71,87), (158,215), (272,428)
(191,174), (171,258), (263,176), (307,220), (328,353), (276,304), (273,293), (245,430), (329,382), (78,182)
(29,118), (77,163), (325,374), (110,108), (300,394), (323,327), (165,304), (268,362), (242,192), (300,205)
(307,331), (315,428), (248,258), (329,429), (125,70), (235,258), (298,355), (130,239), (49,49), (240,415)
(46,151), (305,259), (189,158), (74,90), (198,271), (49,158), (23,127), (133,63), (158,247), (200,189)
(115,247), (272,221), (89,106), (78,162), (342,355), (77,133), (217,291), (294,394), (154,104), (200,376)
(205,398), (273,380), (62,64), (98,139), (256,423), (168,305), (257,404), (274,314), (159,302), (335,338)
(154,157), (109,225), (113,120), (296,311), (267,382), (276,142), (142,180), (326,403), (53,145), (303,181)
(154,194), (190,100), (241,367), (301,315), (296,425), (117,58), (88,84), (184,284), (301,259), (185,235)
(337,432), (263,424), (192,382), (336,199), (195,307), (206,155), (302,162), (79,153), (245,206), (152,121)
(155,279), (47,147), (270,326), (203,110), (53,74), (251,132), (160,73), (236,341), (198,286), (328,408)
(349,293), (111,225), (181,152), (297,188), (246,292), (278,277), (88,215), (157,173), (260,216), (227,308)
(200,347), (307,187), (304,344), (290,465), (121,269), (137,309), (109,182), (100,104), (149,232), (194,193)
(253,359), (135,61), (30,40), (347,227), (307,342), (204,175), (295,321), (73,81), (318,227), (323,326)
(28,145), (304,396), (224,156), (40,140), (277,176), (349,289), (238,226), (236,380), (307,220), (171,264)
(165,130), (128,219), (92,192), (231,396), (263,452), (198,130), (249,136), (46,127), (264,426), (185,112)
(154,292), (298,417), (223,140), (305,181), (296,164), (75,103), (290,445), (213,193), (250,357), (37,52)
(198,283), (342,239), (326,306), (309,426), (251,212), (275,237), (142,273), (44,43), (304,297), (293,434)
(283,213), (318,361), (314,340), (51,77), (308,298), (282,318), (248,434), (86,223), (62,60), (261,166)
(50,104), (133,131), (172,277), (86,193), (186,123), (169,281), (315,486), (222,126), (303,258), (20,140)
(251,256), (94,95), (210,358), (142,179), (122,124), (313,414), (230,349), (188,213), (228,358), (244,128)
(46,70), (140,103), (201,335), (252,147), (250,267), (149,312), (162,340), (309,249), (143,310), (216,322)
(278,381), (266,438), (303,374), (267,231), (320,494), (337,331), (158,157), (197,388), (341,227), (230,288)
(86,195), (345,424), (292,370), (329,438), (320,443), (167,244), (127,67), (119,85), (177,299), (350,400)
(339,296), (249,238), (232,162), (313,295), (335,447), (146,211), (289,156), (222,215), (293,271), (40,166)
(325,404), (116,103), (285,192), (234,273), (223,354), (257,301), (320,227), (262,368), (126,94), (210,397)
(233,180), (166,122), (73,94), (332,488), (30,86), (193,253), (315,188), (103,131), (254,324), (343,375)
(161,151), (47,158), (306,389), (122,106), (153,197), (229,210), (158,272), (161,89), (49,47), (218,224)
(227,344), (175,270), (91,75), (78,139), (340,432), (26,115), (256,446), (169,83), (66,64), (132,208)
(190,327), (284,385), (278,352), (309,379), (254,160), (69,181), (173,251), (236,175), (327,399), (321,328)
(236,204), (175,340), (194,138), (130,83), (241,114), (169,140), (276,319), (108,224), (240,193), (196,127)
(216,376), (92,172), (211,262), (220,132), (176,108), (258,310), (117,254), (229,217), (131,99), (308,454)
(160,292), (262,373), (245,243), (201,253), (185,349), (199,141), (189,367), (336,356), (156,318), (79,139)
(235,120), (200,155), (95,219), (133,164), (204,337), (72,101), (254,429), (125,224), (250,308), (194,208)
(53,140), (332,311), (65,80), (151,300), (267,454), (271,342), (171,319), (278,384), (329,289), (123,154)
(279,266), (140,262), (288,430), (183,325), (244,274), (297,263), (191,281), (231,428), (83,59), (116,161)
(240,342), (186,87), (243,326), (200,400), (249,410), (337,208), (216,196), (286,328), (136,200), (192,214)
(36,96), (284,346), (349,402), (271,347), (265,380), (111,112), (40,93), (54,118), (226,306), (170,292)
(254,443), (106,80), (98,226), (249,162), (345,224), (228,281), (316,381), (207,282), (257,304), (208,247)
(128,268), (197,390), (142,127), (250,247), (65,160), (336,389), (329,379), (120,56), (348,300), (161,108)
(38,58), (268,229), (63,84), (232,239), (240,337), (168,315), (179,136), (101,173), (183,207), (234,366)
(128,263), (183,88), (151,278), (231,361), (177,119), (244,327), (205,384), (301,368), (169,118), (169,263)
(262,236), (55,55), (104,173), (237,265), (105,229), (332,380), (259,147), (127,238), (292,415), (212,94)
(115,154), (79,59), (300,242), (124,255), (203,277), (109,138), (129,236), (77,84), (52,138), (293,313)
(98,119), (235,205), (102,87), (350,363), (240,272), (205,90), (261,215), (284,317), (212,197), (64,165)
(273,367), (244,431), (217,135), (151,211), (213,133), (136,114), (230,294), (129,209), (124,276), (280,294)
(348,306), (46,103), (316,226), (219,306), (233,368), (310,282), (293,357), (200,339), (258,379), (183,81)
(219,226), (276,200), (50,145), (110,93), (241,147), (300,413), (91,124), (88,141), (310,383), (113,134)
(232,317), (227,110), (308,180), (74,74), (300,293), (269,428), (305,208), (319,458), (165,77), (317,422)
(111,204), (161,294), (131,111), (233,193), (64,86), (287,170), (178,201), (248,293), (183,203), (296,243)
(35,151), (80,103), (140,103), (292,329), (87,129), (312,233), (252,401), (106,96), (197,264), (233,147)
(214,342), (85,77), (29,127), (107,243), (344,297), (82,87), (330,390), (211,149), (344,275), (217,211)
(141,249), (141,134), (134,295), (175,310), (299,206), (331,494), (287,305), (135,190), (124,186), (28,99)
(254,360), (335,442), (151,235), (202,266), (325,240), (147,221), (250,391), (316,214), (348,278), (253,148)
(304,476), (232,373), (240,378), (313,375), (99,94), (209,256), (323,266), (117,215), (304,359), (203,254)
(179,261), (244,419), (272,437), (184,96), (189,213), (47,84), (235,295), (106,145), (150,249), (123,203)
(143,141), (225,378), (138,110), (126,216), (245,130), (265,170), (97,239), (233,294), (190,132), (161,94)
(28,101), (225,229), (150,300), (346,261), (185,259), (279,312), (249,259), (231,290), (224,160), (176,191)
(126,261), (230,105), (326,230), (232,162), (317,336), (278,173), (213,349), (33,73), (311,473), (272,296)
(87,60), (227,233), (279,272), (34,75), (107,116), (30,141), (234,259), (78,179), (107,212), (342,268)
(283,463), (147,92), (187,359), (69,187), (95,165), (122,84), (196,185), (271,295), (137,254), (98,224)
(102,157), (207,141), (282,465), (264,335), (240,271), (305,361), (253,129), (250,330), (316,225), (186,336)
(127,189), (263,371), (239,344), (297,444), (346,361), (205,348), (263,303), (293,355), (203,220), (184,359)
(322,319), (227,373), (96,145), (314,248), (350,207), (99,108), (221,330), (215,262), (263,325), (295,169)
(347,395), (234,164), (150,100), (70,180), (309,220), (94,123), (183,247), (187,255), (344,312), (122,62)
(170,138), (87,211), (140,107), (159,286), (155,200), (185,359), (56,133), (108,178), (303,303), (270,357)
(285,189), (220,126), (214,364), (150,274), (323,364), (222,147), (317,299), (327,244), (199,193), (122,146)
(340,364), (333,352), (203,358), (211,237), (231,323), (247,371), (303,370), (182,103), (94,142), (142,99)
(110,251), (159,140), (93,72), (204,292), (272,154), (108,139), (92,167), (257,426), (228,179), (62,182)
(171,120), (266,297), (348,240), (197,204), (287,471), (325,366), (225,167), (282,150), (189,332), (148,267)
(116,257), (152,74), (83,153), (222,179), (342,270), (262,248), (192,291), (299,195), (220,323), (337,227)
(346,419), (285,380), (317,416), (176,240), (335,369), (96,236), (265,430), (208,343), (291,181), (341,402)
(75,175), (53,173), (146,62), (101,63), (313,226), (298,265), (350,282), (312,499), (311,373), (317,417)
(196,259), (319,499), (271,216), (264,445), (105,231), (312,487), (212,108), (91,164), (232,198), (96,215)
(301,279), (302,299), (190,94), (334,252), (215,344), (340,237), (239,332), (148,263), (237,286), (93,143)
(217,96), (217,308), (299,182), (154,300), (213,395), (206,201), (270,235), (250,201), (255,293), (60,163)
(94,153), (245,284), (236,328), (316,309), (108,127), (45,170), (346,346), (316,457), (165,349), (197,257)
(207,360), (156,99), (246,194), (311,263), (140,59), (228,172), (65,138), (292,223), (38,151), (334,319)
(229,363), (230,310), (297,418), (267,366), (269,149), (220,293), (330,260), (112,86), (232,166), (266,328)
(334,371), (155,306), (280,303), (126,281), (163,116), (213,372), (291,302), (228,236), (209,327), (72,140)
(96,66), (303,396), (188,361), (188,231), (87,118), (157,249), (256,135), (178,284), (318,225), (26,81)
(266,440), (293,453), (87,127), (154,305), (307,369), (144,193), (108,112), (69,89), (147,306), (91,69)
(251,156), (337,397), (135,86), (290,225), (174,257), (47,75), (255,214), (192,118), (233,277), (251,197)
(292,476), (317,394), (248,261), (207,239), (254,342), (243,128), (226,145), (88,136), (255,211), (69,72)
(249,143), (337,246), (304,445), (243,116), (321,185), (134,109), (140,74), (60,188), (235,167), (86,86)
(81,168), (230,254), (319,246), (348,409), (230,281), (232,369), (102,113), (350,284), (298,197), (195,251)
(134,158), (252,276), (159,220), (73,90), (281,283), (288,266), (98,243), (184,89), (281,410), (88,104)
(244,123), (83,161), (91,211), (83,195), (296,328), (250,436), (293,323), (193,148), (265,346), (288,416)
(222,311), (207,270), (177,341), (305,425), (188,163), (341,390), (232,135), (110,252), (306,272), (223,229)
(188,223), (117,207), (75,89), (197,123), (289,325), (243,293), (70,83), (278,153), (346,303), (224,252)
(93,188), (66,130), (333,371), (168,314), (274,306), (279,413), (145,83), (81,80), (224,111), (43,124)
(135,67), (38,111), (245,364), (196,123), (217,168), (186,377), (342,213), (299,388), (248,157), (67,119)
(313,441), (143,274), (215,345), (300,339), (88,141), (255,403), (221,258), (245,176), (65,119), (261,172)
(314,351), (333,296), (221,340), (251,210), (116,113), (220,243), (189,209), (120,104), (310,399), (224,264)
(255,238), (209,172), (118,218), (91,63), (123,230), (246,273), (42,112), (204,360), (186,202), (148,104)
(249,120), (251,197), (220,397), (278,236), (192,270), (322,489), (249,417), (116,78), (88,101), (49,72)
(72,72), (318,275), (101,135), (290,282), (241,352), (165,295), (280,171), (157,188), (315,383), (226,212)
(32,106), (151,88), (271,363), (288,391), (160,300), (49,88), (265,329), (279,146), (262,382), (108,92)
(131,87), (236,398), (298,293), (135,198), (207,355), (317,453), (144,93), (135,199), (140,246), (218,102)
(301,457), (210,343), (96,103), (174,216), (243,184), (346,400), (238,252), (246,441), (103,181), (271,313)
(327,466), (102,185), (226,183), (201,382), (57,69), (215,183), (280,205), (189,157), (257,445), (33,142)
(208,131), (329,370), (226,111), (186,106), (308,453), (38,52), (288,436), (115,205), (88,122), (346,396)
(52,176), (102,107), (221,144), (249,401), (50,159), (30,119), (208,368), (274,399), (52,186), (233,118)
(288,226), (271,198), (153,309), (274,151), (43,117), (216,194), (84,154), (65,75), (284,445), (190,104)
(90,60), (243,264), (194,85), (37,124), (290,206), (112,202), (298,225), (347,321), (56,192), (339,226)
(64,74), (303,211), (224,195), (232,194), (117,262), (280,202), (196,292), (153,216), (114,113), (208,125)
(130,268), (98,176), (231,382), (144,254), (284,410), (261,169), (195,205), (272,356), (299,457), (321,192)
(327,433), (152,310), (320,488), (332,433), (226,136), (93,243), (140,306), (121,64), (97,226), (118,105)
(112,170), (178,359), (313,496), (205,320), (303,253), (126,96), (289,274), (249,318), (201,195), (323,204)
(230,162), (177,330), (112,101), (233,313), (58,53), (35,71), (120,134), (169,170), (257,429), (243,214)
(36,51), (59,136), (133,130), (344,383), (189,221), (323,431), (312,410), (53,80), (140,163), (47,129)
(270,439), (302,222), (257,320), (105,173), (170,233), (90,88), (277,317), (241,301), (156,336), (245,171)
(275,333), (117,252), (161,126), (330,289), (321,464), (114,163), (127,139), (98,226), (187,232), (246,144)
(246,340), (228,331), (155,105), (342,407), (303,431), (198,157), (141,251), (120,150), (45,84), (149,206)
(202,126), (177,345), (51,58), (286,285), (326,314), (229,369), (39,45), (152,197), (82,206), (144,228)
(281,356), (247,344), (232,134), (244,294), (270,412), (335,190), (204,285), (315,425), (283,153), (234,304)
(153,204), (126,144), (27,89), (221,400), (237,376), (215,376), (266,178), (97,157), (300,203), (281,382)
(277,455), (263,212), (162,114), (331,476), (331,203), (56,161), (239,203), (130,163), (287,283), (246,359)
(289,218), (81,53), (333,249), (294,237), (100,191), (226,183), (199,159), (128,112), (131,232), (308,356)
(134,120), (142,265), (255,423), (222,417), (263,225), (104,56), (304,260), (53,183), (319,464), (288,438)
(54,171), (315,209), (286,254), (327,332), (321,466), (33,64), (312,458), (286,187), (113,148), (134,301)
(160,124), (305,397), (227,147), (258,395), (81,173), (150,210), (47,166), (304,451), (114,89), (100,186)
(340,433), (154,118), (241,137), (152,237), (266,141), (307,438), (160,108), (145,232), (25,131), (171,234)
(132,65), (292,199), (195,317), (119,262), (176,119), (338,384), (159,282), (300,265), (174,82), (42,105)
(272,328), (231,288), (317,478), (101,238), (86,54), (265,141), (174,170), (94,100), (173,184), (309,468)
(215,126), (181,293), (116,85), (84,62), (177,328), (81,193), (319,487), (348,391), (279,346), (203,401)
